"ag09 predicted predicted at" "2021-01-20 19:48:43"
1.0 0.0021711225
0.99367625 0.002721771
0.9856184 0.0032753928
0.9775434 0.003831879
0.9694678 0.0043911203
0.96139175 0.004953007
0.9538663 0.0055174306
0.94612527 0.006084281
0.9380506 0.00665345
0.9299245 0.0072248275
0.9227872 0.0077983043
0.914709 0.008373772
0.90663344 0.00895112
0.89857197 0.009530241
0.89138514 0.010111024
0.88329166 0.01069336
0.8751699 0.011277141
0.8680183 0.011862257
0.85995 0.012448598
0.85187453 0.0130360555
0.8438018 0.013624521
0.83666486 0.014213883
0.8285332 0.014804035
0.82045794 0.0153948665
0.81332535 0.015986267
0.8051914 0.01657813
0.7971159 0.017170345
0.7894996 0.017762803
0.781849 0.018355394
0.77377397 0.018948007
0.7656985 0.019540537
0.7576361 0.020132871
0.75045544 0.020724904
0.74235696 0.021316523
0.73428124 0.021907618
0.7262096 0.022498084
0.7190696 0.023087809
0.71093976 0.023676684
0.70286393 0.0242646
0.6947854 0.024851449
0.6876455 0.025437118
0.6795222 0.026021503
0.6713952 0.02660449
0.6642587 0.027185973
0.6561806 0.02776584
0.6481047 0.028343985
0.6399772 0.028920297
0.6328339 0.029494667
0.62475914 0.030066986
0.61756426 0.030637143
0.6094968 0.031205032
0.6014217 0.03177054
0.59334594 0.03233356
0.58526075 0.032893986
0.57806486 0.0334517
0.57000446 0.0340066
0.56192935 0.034558576
0.554797 0.035107516
0.54666305 0.035653315
0.5385873 0.03619586
0.53051275 0.03673504
0.52272236 0.03727075
0.5152467 0.037802882
0.5071701 0.038331322
0.4990954 0.038855962
0.49111116 0.039205447
0.48383194 0.03985565
0.47575283 0.04036442
0.46767724 0.040821567
0.4596017 0.041317627
0.4515414 0.04172121
0.4443313 0.042222697
0.4362601 0.042549785
0.42818412 0.042985898
0.42006359 0.043369487
0.4129107 0.043692943
0.4048427 0.044006005
0.3967672 0.044228844
0.38869163 0.04440245
0.38061604 0.044696394
0.37254047 0.04493925
0.3644649 0.045206234
0.3563893 0.045457732
0.34831375 0.045657378
0.34023815 0.045932528
0.3321585 0.046128333
0.32493782 0.04624411
0.3168958 0.04653643
0.30882093 0.04661694
0.30074537 0.04673803
0.2926698 0.046921466
0.2845942 0.047064334
0.27651864 0.04699877
0.26844308 0.046969313
0.26036748 0.047073036
0.25229192 0.04719327
0.24421634 0.04709855
0.23614077 0.04701278
0.2280652 0.047060866
0.21998961 0.047085952
0.21191405 0.04699195
0.20383847 0.046992432
0.19576289 0.046814322
0.18768732 0.046771064
0.17961177 0.046591744
0.17155094 0.046211295
0.16433884 0.045721862
0.15627016 0.045049135
0.1481946 0.04448855
0.14013198 0.043983594
0.13295259 0.043391444
0.12484896 0.04281446
0.117637105 0.042050064
0.1095872 0.040722065
0.10179218 0.03957088
0.09432255 0.03832656
0.086635806 0.037071124
0.07905544 0.03568934
0.071879864 0.03429869
0.0647059 0.03274319
0.056888983 0.030803202
0.049977433 0.028432183
0.04302419 0.026300777
0.03596142 0.023119107
0.02915449 0.020590542
0.022164816 0.017463943
0.015214378 0.014555407
0.00952913 0.009821589
0.0036656715 0.004485771
0.0011400712 -0.0018629489
0.0056816833 -0.007466854
0.012787079 -0.011070851
0.019998599 -0.0130985975
0.027310207 -0.014233368
0.03524744 -0.0144372
0.043321967 -0.0148278
0.051397536 -0.014802091
0.059473112 -0.015231309
0.067548685 -0.01519012
0.075624265 -0.015199673
0.08369984 -0.015175357
0.09177541 -0.015532442
0.09985099 -0.015243355
0.10792656 -0.014885592
0.11600214 -0.01456899
0.12407775 -0.014270099
0.13214271 -0.0141051775
0.13935685 -0.013814449
0.14741936 -0.013263329
0.15549494 -0.012732373
0.16357054 -0.012162988
0.17164889 -0.011877973
0.17898887 -0.011522397
0.18691325 -0.011042286
0.19498776 -0.010479503
0.20306332 -0.010112992
0.21114215 -0.009704511
0.21828553 -0.009450444
0.22640505 -0.009211074
0.23448056 -0.008975793
0.24255612 -0.00876749
0.25063172 -0.008587102
0.25870728 -0.0083655575
0.26678288 -0.008136829
0.27486265 -0.008069058
0.28204933 -0.0078513175
0.290125 -0.00744185
0.2982001 -0.007035505
0.30627567 -0.006752872
0.31435123 -0.0064967778
0.32242683 -0.006250171
0.3305024 -0.006010123
0.33857796 -0.005803937
0.34665355 -0.0055654678
0.35472912 -0.0053318534
0.3627918 -0.005125678
0.37000605 -0.0048933695
0.37807074 -0.0046683024
0.38614634 -0.004459591
0.39422193 -0.0042448305
0.4022975 -0.0040396336
0.41037306 -0.0038399375
0.41844866 -0.0036533475
0.42652425 -0.0034773762
0.43460307 -0.003298419
0.44190472 -0.003145718
0.44986686 -0.0030034315
0.45794144 -0.0028446359
0.46601704 -0.0026234814
0.4740926 -0.0024647275
0.48216817 -0.002283303
0.49024376 -0.0023619365
0.49831933 -0.0023285968
0.5063949 -0.002295884
0.51447046 -0.002263848
0.52254605 -0.0022325385
0.53062165 -0.0022020051
0.5386972 -0.0021722978
0.5467728 -0.002143466
0.5548484 -0.0021155595
0.5629239 -0.0020886282
0.5709995 -0.0020627214
0.5790751 -0.0020378893
0.58715063 -0.0020141813
0.5952262 -0.0019916473
0.6033018 -0.001970337
0.61137736 -0.0019503
0.61945295 -0.001931586
0.6275326 -0.0019142447
0.63470256 -0.0018983261
0.6416308 -0.0018838795
0.64736545 -0.001870955
0.6545173 -0.001859602
0.662596 -0.0018498705
0.6706716 -0.0018418101
0.6787471 -0.0018354704
0.6868227 -0.0018309013
0.6948983 -0.0018281523
0.70297384 -0.0018272734
0.71104944 -0.001828314
0.71912503 -0.0018313241
0.72720057 -0.0018363532
0.73527616 -0.0018434512
0.74335176 -0.0018526677
0.7514273 -0.0018640524
0.7595029 -0.0018776552
0.7675785 -0.0018935255
0.775654 -0.0019117133
0.7837296 -0.0019322681
0.7918052 -0.0019552398
0.79988074 -0.001980678
0.80795634 -0.0020086325
0.81603193 -0.002039153
0.82410747 -0.0020722891
0.83218306 -0.0021080908
0.84025866 -0.0021466075
0.8483342 -0.0021878888
0.8564098 -0.002231985
0.8644854 -0.0022789454
0.8725609 -0.0023288196
0.8806365 -0.0023816577
0.8887121 -0.0024375091
0.89678764 -0.002496424
0.90486324 -0.0025584514
0.91293883 -0.0026236414
0.92101437 -0.0026920435
0.92908996 -0.002763708
0.93716556 -0.002838684
0.94524026 -0.0029170215
0.9532514 -0.00299877
0.96050334 -0.0030839795
0.96858275 -0.0031726996
0.97665834 -0.00326498
0.9847339 -0.0033608703
0.9927959 -0.0034604205
1.0 -0.00356368
